~o
<STREAMINFO> 1 39
<VECSIZE> 39<NULLD><MFCC_D_A_0><DIAGC>
~h "proto"
<BEGINHMM>
<NUMSTATES> 5
<STATE> 2
<MEAN> 39
 -4.305970e+00 -4.155513e+00 1.099962e+01 -2.312591e+00 -1.211581e+00 -4.119346e+00 -2.222314e+00 2.470651e+00 -3.904612e+00 5.203799e+00 -2.461569e+00 4.158010e+00 9.890256e+01 1.667307e-02 4.055806e-02 2.045447e-02 2.446640e-02 2.844156e-02 3.496254e-02 2.847705e-02 1.132422e-02 1.786166e-02 1.818493e-02 1.786345e-03 2.643092e-03 -5.973608e-03 -3.643363e-04 -6.011143e-06 1.112465e-04 -3.681603e-04 -3.212050e-04 -5.114058e-04 -6.260782e-04 -1.825060e-04 2.665070e-04 8.435481e-05 5.107074e-04 -8.652075e-05 -1.710396e-04
<VARIANCE> 39
 6.754285e+02 3.412382e+02 5.608406e+02 4.796288e+02 3.472278e+02 4.011306e+02 4.413544e+02 3.617784e+02 3.683817e+02 3.040248e+02 2.640156e+02 2.509632e+02 1.299030e+03 2.278168e+01 1.545930e+01 2.184475e+01 2.118017e+01 1.813441e+01 2.097645e+01 2.257998e+01 2.166213e+01 2.009591e+01 1.748390e+01 1.664857e+01 1.534652e+01 2.729186e+01 3.005252e+00 2.352007e+00 2.950203e+00 3.333135e+00 2.970526e+00 3.527972e+00 3.796952e+00 3.764049e+00 3.477431e+00 3.067440e+00 2.924915e+00 2.697382e+00 3.680100e+00
<GCONST> 2.040825e+02
<STATE> 3
<MEAN> 39
 -4.305970e+00 -4.155513e+00 1.099962e+01 -2.312591e+00 -1.211581e+00 -4.119346e+00 -2.222314e+00 2.470651e+00 -3.904612e+00 5.203799e+00 -2.461569e+00 4.158010e+00 9.890256e+01 1.667307e-02 4.055806e-02 2.045447e-02 2.446640e-02 2.844156e-02 3.496254e-02 2.847705e-02 1.132422e-02 1.786166e-02 1.818493e-02 1.786345e-03 2.643092e-03 -5.973608e-03 -3.643363e-04 -6.011143e-06 1.112465e-04 -3.681603e-04 -3.212050e-04 -5.114058e-04 -6.260782e-04 -1.825060e-04 2.665070e-04 8.435481e-05 5.107074e-04 -8.652075e-05 -1.710396e-04
<VARIANCE> 39
 6.754285e+02 3.412382e+02 5.608406e+02 4.796288e+02 3.472278e+02 4.011306e+02 4.413544e+02 3.617784e+02 3.683817e+02 3.040248e+02 2.640156e+02 2.509632e+02 1.299030e+03 2.278168e+01 1.545930e+01 2.184475e+01 2.118017e+01 1.813441e+01 2.097645e+01 2.257998e+01 2.166213e+01 2.009591e+01 1.748390e+01 1.664857e+01 1.534652e+01 2.729186e+01 3.005252e+00 2.352007e+00 2.950203e+00 3.333135e+00 2.970526e+00 3.527972e+00 3.796952e+00 3.764049e+00 3.477431e+00 3.067440e+00 2.924915e+00 2.697382e+00 3.680100e+00
<GCONST> 2.040825e+02
<STATE> 4
<MEAN> 39
 -4.305970e+00 -4.155513e+00 1.099962e+01 -2.312591e+00 -1.211581e+00 -4.119346e+00 -2.222314e+00 2.470651e+00 -3.904612e+00 5.203799e+00 -2.461569e+00 4.158010e+00 9.890256e+01 1.667307e-02 4.055806e-02 2.045447e-02 2.446640e-02 2.844156e-02 3.496254e-02 2.847705e-02 1.132422e-02 1.786166e-02 1.818493e-02 1.786345e-03 2.643092e-03 -5.973608e-03 -3.643363e-04 -6.011143e-06 1.112465e-04 -3.681603e-04 -3.212050e-04 -5.114058e-04 -6.260782e-04 -1.825060e-04 2.665070e-04 8.435481e-05 5.107074e-04 -8.652075e-05 -1.710396e-04
<VARIANCE> 39
 6.754285e+02 3.412382e+02 5.608406e+02 4.796288e+02 3.472278e+02 4.011306e+02 4.413544e+02 3.617784e+02 3.683817e+02 3.040248e+02 2.640156e+02 2.509632e+02 1.299030e+03 2.278168e+01 1.545930e+01 2.184475e+01 2.118017e+01 1.813441e+01 2.097645e+01 2.257998e+01 2.166213e+01 2.009591e+01 1.748390e+01 1.664857e+01 1.534652e+01 2.729186e+01 3.005252e+00 2.352007e+00 2.950203e+00 3.333135e+00 2.970526e+00 3.527972e+00 3.796952e+00 3.764049e+00 3.477431e+00 3.067440e+00 2.924915e+00 2.697382e+00 3.680100e+00
<GCONST> 2.040825e+02
<TRANSP> 5
 0.000000e+00 1.000000e+00 0.000000e+00 0.000000e+00 0.000000e+00
 0.000000e+00 6.000000e-01 4.000000e-01 0.000000e+00 0.000000e+00
 0.000000e+00 0.000000e+00 6.000000e-01 4.000000e-01 0.000000e+00
 0.000000e+00 0.000000e+00 0.000000e+00 7.000000e-01 3.000000e-01
 0.000000e+00 0.000000e+00 0.000000e+00 0.000000e+00 0.000000e+00
<ENDHMM>
